"aa105" "aa117" "aa132" "aa136" "aa168" "aa169" "aa175" "aa176" "aa191" "aa241" "aa259" "aa260" "aa272" "aa280" "aa286" "aa297" "aa298" "aa306" "aa311" "aa314" "aa316" "aa341" "aa343" "aa344" "aa345" "aa347" "aa371" "aa375" "aa376" "aa377" "aa378" "aa396" "aa397" "aa411" "aa413" "aa417" "aa419" "aa427" "aa428" "aa446" "aa457" "aa458" "aa459" "aa495" "aa506" "aa51" "aa521_1" "aa524_1" "aa535" "aa553" "aa562" "aa563" "aa564" "aa570" "aa571" "aa589" "aa590" "aa607" "aa62" "aa636" "aa639" "aa63" "aa640" "aa644" "aa64" "aa664" "aa66" "aa672" "aa67" "aa681" "aa682" "aa685" "aa696" "aa697" "aa699" "aa708" "aa716" "aa717" "aa71" "aa726" "aa727" "aa728" "aa729" "aa748" "aa749" "aa74" "aa751" "aa752" "aa753" "aa76" "aa77" "aa78"
"aa105" 0 0.304419 0.314825 0.306404 0.292264 0.314431 0.314624 0.304424 0.28548 0.314854 0.312193 0.304383 0.317236 0.287416 0.300711 0.316909 0.303551 0.306781 0.311379 0.307726 0.309374 0.29896 0.304376 0.316977 0.304665 0.318376 0.316683 0.310476 0.313989 0.309795 0.314448 0.309547 0.306133 0.309047 0.316838 0.315333 0.299534 0.31306 0.312906 0.314571 0.312179 0.314088 0.318087 0.313768 0.31654 0.296122 0.331933 0.317215 0.310114 0.31944 0.314378 0.313143 0.310417 0.309471 0.306873 0.319167 0.322202 0.313745 0.284073 0.325514 0.309173 0.300961 0.308934 0.313779 0.29362 0.318979 0.287124 0.318869 0.295341 0.321828 0.315318 0.3125 0.309175 0.312966 0.315259 0.322061 0.321492 0.319879 0.290062 0.314473 0.318512 0.301164 0.301529 0.305747 0.318241 0.289998 0.309273 0.317259 0.316298 0.281519 0.292848 0.290873
"aa117" 0.304419 0 0.288995 0.291306 0.29246 0.294821 0.310987 0.310867 0.30642 0.285737 0.31282 0.301109 0.302038 0.290397 0.304465 0.305797 0.305022 0.296834 0.296964 0.305654 0.304235 0.313988 0.305962 0.308047 0.308529 0.312902 0.313877 0.318601 0.305564 0.316618 0.313688 0.311881 0.314507 0.300454 0.304649 0.314036 0.309298 0.272669 0.27921 0.27505 0.319421 0.310442 0.310356 0.306011 0.29558 0.291042 0.318256 0.314502 0.313389 0.313807 0.31062 0.303407 0.30476 0.318941 0.31398 0.301199 0.322403 0.320027 0.296493 0.286428 0.300693 0.30448 0.302437 0.290921 0.298998 0.276674 0.302645 0.305183 0.304539 0.324559 0.315341 0.317471 0.291947 0.304528 0.302023 0.27315 0.28553 0.306037 0.3022 0.30321 0.308732 0.306669 0.300576 0.299485 0.295399 0.308407 0.29118 0.316985 0.303583 0.309532 0.311287 0.306921
"aa132" 0.314825 0.288995 0 0.295878 0.293545 0.285557 0.296819 0.302812 0.311216 0.272206 0.300515 0.306385 0.284051 0.305265 0.305488 0.304072 0.305469 0.291674 0.293188 0.286915 0.287493 0.303167 0.317812 0.302707 0.305795 0.300268 0.306217 0.308579 0.308082 0.319513 0.297008 0.315287 0.307242 0.307389 0.302862 0.312345 0.299249 0.290249 0.289239 0.290227 0.314512 0.304756 0.319328 0.319149 0.296975 0.303696 0.303773 0.320831 0.299828 0.311194 0.299215 0.311093 0.300603 0.312795 0.318033 0.313831 0.322298 0.314335 0.315372 0.300441 0.308207 0.308061 0.302431 0.309127 0.293125 0.291727 0.297428 0.308234 0.314019 0.321399 0.310222 0.306268 0.298594 0.301562 0.310138 0.291795 0.290962 0.316174 0.306602 0.326923 0.312566 0.306043 0.305614 0.317347 0.301316 0.324023 0.312207 0.323899 0.307213 0.311673 0.308113 0.290335
"aa136" 0.306404 0.291306 0.295878 0 0.274895 0.262821 0.284675 0.278627 0.294572 0.267083 0.296936 0.279038 0.272841 0.286127 0.284737 0.284964 0.29486 0.293288 0.299362 0.289297 0.276343 0.286137 0.294099 0.293125 0.293994 0.297129 0.286059 0.298164 0.293531 0.291779 0.288168 0.298652 0.29335 0.2925 0.303026 0.307351 0.301884 0.283973 0.291648 0.289328 0.303934 0.297028 0.304427 0.300367 0.295998 0.307633 0.311942 0.318118 0.311244 0.305963 0.319569 0.311612 0.303994 0.311261 0.312708 0.302615 0.30819 0.322094 0.288819 0.310021 0.30905 0.303822 0.305443 0.309957 0.294728 0.312444 0.306294 0.307541 0.301286 0.306844 0.311345 0.312716 0.299775 0.305502 0.315718 0.301265 0.312236 0.307635 0.301466 0.306835 0.305834 0.302221 0.302513 0.314334 0.304919 0.313885 0.306141 0.311118 0.310397 0.304976 0.298868 0.284686
"aa168" 0.292264 0.29246 0.293545 0.274895 0 0.271876 0.280226 0.263041 0.280582 0.283558 0.290798 0.272577 0.2845 0.279428 0.279427 0.275893 0.279208 0.289147 0.286588 0.287139 0.287397 0.286423 0.29295 0.287444 0.280006 0.298167 0.295549 0.291416 0.295401 0.30676 0.293285 0.288869 0.291184 0.293005 0.30471 0.292335 0.279202 0.279905 0.296569 0.294766 0.295685 0.296319 0.304166 0.302859 0.288726 0.297118 0.316033 0.315047 0.299803 0.30187 0.316741 0.305341 0.305778 0.312112 0.310504 0.30901 0.306356 0.311013 0.289591 0.31593 0.300712 0.299364 0.294908 0.299492 0.293274 0.306402 0.306241 0.296891 0.286308 0.307097 0.307259 0.30187 0.301489 0.300044 0.30236 0.305806 0.316704 0.301239 0.294559 0.308626 0.309171 0.307147 0.298148 0.309167 0.30717 0.289028 0.307194 0.309149 0.307171 0.294915 0.288531 0.289139
"aa169" 0.314431 0.294821 0.285557 0.262821 0.271876 0 0.293669 0.280821 0.301743 0.280408 0.296825 0.284086 0.264613 0.27683 0.276308 0.28999 0.291538 0.284264 0.277155 0.285456 0.282619 0.291011 0.299873 0.286013 0.307243 0.301694 0.296437 0.309171 0.292548 0.308613 0.296527 0.2934 0.290779 0.292012 0.306332 0.294626 0.299489 0.290887 0.288961 0.29439 0.303564 0.303188 0.301443 0.296625 0.302278 0.30029 0.318387 0.31438 0.31075 0.304216 0.307771 0.300876 0.303612 0.309354 0.305505 0.303779 0.303605 0.314089 0.305398 0.306781 0.296274 0.295337 0.298392 0.302737 0.297482 0.298556 0.297996 0.309196 0.282438 0.315347 0.30151 0.308821 0.314437 0.297739 0.308755 0.296122 0.31682 0.301833 0.298863 0.308478 0.304291 0.299694 0.306975 0.300394 0.303219 0.294762 0.296681 0.304845 0.310045 0.300338 0.284737 0.280321
"aa175" 0.314624 0.310987 0.296819 0.284675 0.280226 0.293669 0 0.282713 0.297246 0.280207 0.275521 0.292556 0.298779 0.301919 0.281921 0.286305 0.289943 0.300355 0.309111 0.284 0.290428 0.304477 0.294161 0.301512 0.28244 0.276855 0.289182 0.2968 0.296756 0.29427 0.297759 0.292237 0.284927 0.305103 0.305926 0.302392 0.283705 0.303474 0.307327 0.295179 0.306316 0.292428 0.308214 0.31037 0.308545 0.307761 0.320581 0.320122 0.295613 0.300388 0.318449 0.300816 0.304956 0.310844 0.308451 0.305829 0.319187 0.329695 0.301547 0.311956 0.312677 0.316471 0.315076 0.308132 0.293524 0.325704 0.311889 0.300498 0.299119 0.307339 0.310466 0.31748 0.298172 0.306494 0.315984 0.318142 0.311252 0.312434 0.307045 0.32566 0.31662 0.309145 0.310545 0.303003 0.305368 0.318321 0.310035 0.315309 0.300283 0.317419 0.305225 0.285054
"aa176" 0.304424 0.310867 0.302812 0.278627 0.263041 0.280821 0.282713 0 0.282983 0.296095 0.281395 0.269745 0.28269 0.286757 0.270434 0.286761 0.294507 0.274186 0.298408 0.296456 0.288543 0.281875 0.291919 0.290437 0.278089 0.291245 0.291022 0.288947 0.292964 0.29709 0.294401 0.287349 0.290759 0.28325 0.29997 0.286492 0.280777 0.297519 0.307406 0.304408 0.291314 0.280404 0.296235 0.298602 0.299548 0.307927 0.308456 0.320111 0.303058 0.306459 0.320422 0.308625 0.298505 0.307154 0.29859 0.302408 0.303128 0.304127 0.297424 0.322324 0.298114 0.308836 0.289967 0.308815 0.307457 0.310242 0.291595 0.305776 0.293625 0.302193 0.295472 0.302772 0.303566 0.30501 0.29939 0.313059 0.312116 0.296384 0.3 0.317856 0.308565 0.304503 0.299703 0.304716 0.306908 0.290068 0.301069 0.312424 0.298768 0.298322 0.285758 0.290009
"aa191" 0.28548 0.30642 0.311216 0.294572 0.280582 0.301743 0.297246 0.282983 0 0.304299 0.292507 0.285967 0.293252 0.291291 0.277935 0.303217 0.3 0.292064 0.297566 0.286806 0.292416 0.293915 0.293244 0.29166 0.279105 0.300699 0.300615 0.298152 0.301002 0.293446 0.294439 0.297838 0.291701 0.311346 0.309103 0.286194 0.292708 0.323295 0.319105 0.313735 0.295398 0.298108 0.308612 0.299289 0.308927 0.308819 0.314753 0.314553 0.313756 0.315532 0.319013 0.313147 0.301623 0.295962 0.307643 0.31483 0.315988 0.315685 0.282984 0.316613 0.313532 0.313771 0.31353 0.318109 0.301672 0.326362 0.300473 0.301197 0.286661 0.314835 0.308718 0.307153 0.312441 0.311003 0.305899 0.327255 0.320421 0.305023 0.298289 0.308205 0.319145 0.309218 0.305722 0.311682 0.298947 0.29184 0.30662 0.319877 0.310719 0.298488 0.303546 0.284928
"aa241" 0.314854 0.285737 0.272206 0.267083 0.283558 0.280408 0.280207 0.296095 0.304299 0 0.311625 0.29018 0.276273 0.288489 0.297778 0.294027 0.294589 0.287967 0.2936 0.290303 0.28199 0.296603 0.297942 0.287554 0.303157 0.301393 0.281436 0.301332 0.299127 0.303383 0.302505 0.29009 0.288075 0.304077 0.299774 0.297704 0.301274 0.274254 0.283072 0.273701 0.309037 0.295112 0.304861 0.314372 0.288069 0.294333 0.30511 0.317851 0.292736 0.311214 0.312017 0.299111 0.305439 0.3131 0.311872 0.302416 0.310946 0.313366 0.308346 0.308238 0.296931 0.300225 0.30563 0.292038 0.298374 0.299164 0.296994 0.294366 0.297318 0.306033 0.305222 0.313658 0.291175 0.295697 0.307359 0.295597 0.301833 0.312023 0.307059 0.313137 0.303833 0.302336 0.307853 0.314021 0.290283 0.297773 0.298971 0.315483 0.31395 0.290478 0.299087 0.281896
"aa259" 0.312193 0.31282 0.300515 0.296936 0.290798 0.296825 0.275521 0.281395 0.292507 0.311625 0 0.278799 0.293252 0.294483 0.25754 0.289484 0.300985 0.312952 0.298851 0.285882 0.288084 0.294007 0.290292 0.299792 0.259722 0.291804 0.298489 0.298676 0.309974 0.310053 0.292098 0.305078 0.291521 0.307822 0.305375 0.295535 0.292567 0.308905 0.309991 0.312594 0.31078 0.293351 0.314818 0.303481 0.307909 0.317579 0.318614 0.321002 0.321039 0.316759 0.324309 0.310896 0.321223 0.313885 0.304227 0.321245 0.319992 0.324971 0.288389 0.329562 0.313161 0.308559 0.318827 0.325577 0.312576 0.318249 0.305162 0.315495 0.305993 0.314223 0.306205 0.309983 0.316451 0.302407 0.321468 0.326553 0.318123 0.320281 0.313751 0.327347 0.31742 0.315896 0.317428 0.307578 0.320999 0.318286 0.322969 0.329654 0.313222 0.318396 0.321822 0.310796
"aa260" 0.304383 0.301109 0.306385 0.279038 0.272577 0.284086 0.292556 0.269745 0.285967 0.29018 0.278799 0 0.291817 0.283947 0.265245 0.278362 0.28107 0.281037 0.287492 0.27757 0.283579 0.291978 0.29538 0.292767 0.27533 0.289661 0.293645 0.293417 0.295696 0.291238 0.29471 0.290208 0.288746 0.296143 0.299787 0.281761 0.268575 0.302477 0.300511 0.297226 0.283288 0.277924 0.294091 0.288103 0.292969 0.31506 0.302998 0.316341 0.300727 0.303545 0.312233 0.305678 0.312632 0.302035 0.290371 0.295564 0.303416 0.322907 0.286846 0.316206 0.302765 0.307019 0.299985 0.313233 0.301009 0.323352 0.303332 0.29742 0.296963 0.309853 0.30358 0.305606 0.308432 0.311836 0.305693 0.319451 0.311649 0.30012 0.311953 0.304742 0.314195 0.29667 0.298754 0.31228 0.30974 0.30793 0.296758 0.312567 0.290501 0.30635 0.311858 0.288041
"aa272" 0.317236 0.302038 0.284051 0.272841 0.2845 0.264613 0.298779 0.28269 0.293252 0.276273 0.293252 0.291817 0 0.288874 0.286415 0.286347 0.274017 0.288226 0.28242 0.286642 0.279909 0.275789 0.285393 0.270275 0.295854 0.29448 0.296305 0.272404 0.284579 0.28453 0.296725 0.285872 0.2806 0.294507 0.302134 0.290287 0.291288 0.297674 0.297748 0.301326 0.297443 0.288519 0.300517 0.30975 0.298966 0.310847 0.301186 0.311961 0.288572 0.30412 0.299111 0.30578 0.299115 0.305035 0.296141 0.313409 0.313594 0.321 0.300276 0.305188 0.29098 0.308742 0.289295 0.293529 0.287933 0.303508 0.302367 0.296475 0.291539 0.315034 0.309254 0.306509 0.299691 0.314325 0.293135 0.30076 0.310983 0.306776 0.300228 0.313993 0.30597 0.305014 0.304831 0.322966 0.293988 0.303863 0.296142 0.307717 0.311041 0.312128 0.303102 0.289811
"aa280" 0.287416 0.290397 0.305265 0.286127 0.279428 0.27683 0.301919 0.286757 0.291291 0.288489 0.294483 0.283947 0.288874 0 0.291315 0.261184 0.22692 0.28144 0.271475 0.279542 0.271196 0.279906 0.283856 0.289018 0.28255 0.307354 0.277895 0.287746 0.279918 0.290767 0.282579 0.291094 0.286351 0.277662 0.303659 0.282902 0.281091 0.295739 0.295797 0.295384 0.29538 0.293325 0.30155 0.297399 0.294024 0.305792 0.297086 0.290845 0.298398 0.307608 0.307692 0.305507 0.302882 0.311997 0.311288 0.306236 0.309636 0.314356 0.299656 0.314476 0.292096 0.298971 0.288507 0.29612 0.295747 0.315002 0.281147 0.300159 0.288313 0.310198 0.303476 0.302728 0.298787 0.304061 0.304286 0.307159 0.309108 0.293969 0.292841 0.308578 0.304075 0.294729 0.305106 0.305731 0.302206 0.298913 0.284994 0.302412 0.303955 0.289452 0.284757 0.299645
"aa286" 0.300711 0.304465 0.305488 0.284737 0.279427 0.276308 0.281921 0.270434 0.277935 0.297778 0.25754 0.265245 0.286415 0.291315 0 0.29448 0.285651 0.293049 0.293299 0.278887 0.285871 0.288138 0.289791 0.29045 0.271096 0.276205 0.282246 0.296254 0.291249 0.302146 0.295017 0.291348 0.277582 0.287161 0.29851 0.282887 0.279066 0.304507 0.30457 0.30384 0.294953 0.288592 0.302105 0.303906 0.297566 0.311404 0.309876 0.317747 0.295172 0.304659 0.315196 0.302535 0.307184 0.304583 0.289396 0.300714 0.315106 0.321205 0.295806 0.306728 0.31034 0.317888 0.307963 0.308307 0.307414 0.310108 0.312925 0.29384 0.292564 0.307567 0.310517 0.307941 0.306546 0.304373 0.306624 0.315543 0.314256 0.29899 0.30562 0.303199 0.313843 0.303909 0.301356 0.310058 0.30509 0.310504 0.303079 0.320072 0.306601 0.311841 0.299732 0.296917
"aa297" 0.316909 0.305797 0.304072 0.284964 0.275893 0.28999 0.286305 0.286761 0.303217 0.294027 0.289484 0.278362 0.286347 0.261184 0.29448 0 0.250841 0.288249 0.283908 0.273047 0.277435 0.291188 0.298755 0.285333 0.288521 0.302905 0.287021 0.304754 0.287437 0.302155 0.291762 0.301194 0.294602 0.297389 0.310561 0.28992 0.277265 0.300015 0.306935 0.315765 0.306103 0.301637 0.314334 0.308052 0.301936 0.313701 0.299939 0.317275 0.297919 0.314896 0.315838 0.31898 0.308242 0.309517 0.31429 0.312795 0.310555 0.318541 0.302782 0.326652 0.306297 0.305453 0.298467 0.310149 0.302359 0.319194 0.305897 0.309058 0.287115 0.318996 0.313492 0.316448 0.311421 0.310833 0.3204 0.316821 0.326167 0.302354 0.303574 0.313708 0.320487 0.313591 0.319503 0.321159 0.314915 0.303164 0.307913 0.316109 0.310798 0.305916 0.297544 0.297841
"aa298" 0.303551 0.305022 0.305469 0.29486 0.279208 0.291538 0.289943 0.294507 0.3 0.294589 0.300985 0.28107 0.274017 0.22692 0.285651 0.250841 0 0.283645 0.278491 0.272466 0.274838 0.291465 0.278174 0.290118 0.29584 0.295386 0.290716 0.289957 0.280696 0.302555 0.279085 0.289228 0.283084 0.29216 0.292074 0.297392 0.286194 0.291473 0.309378 0.308527 0.302304 0.288344 0.30911 0.298493 0.297469 0.305976 0.302838 0.31074 0.297332 0.30681 0.300984 0.306791 0.307577 0.309371 0.299624 0.304415 0.305688 0.312798 0.293072 0.307588 0.30063 0.295557 0.30187 0.309179 0.286327 0.314494 0.301294 0.295711 0.29485 0.30716 0.299445 0.306236 0.296572 0.300326 0.298314 0.311284 0.311195 0.291729 0.304279 0.303443 0.30447 0.298597 0.302052 0.306842 0.293417 0.298645 0.296412 0.299663 0.290224 0.302213 0.296792 0.290524
"aa306" 0.306781 0.296834 0.291674 0.293288 0.289147 0.284264 0.300355 0.274186 0.292064 0.287967 0.312952 0.281037 0.288226 0.28144 0.293049 0.288249 0.283645 0 0.230624 0.228936 0.222967 0.296875 0.258458 0.283112 0.290825 0.287253 0.283152 0.284714 0.290286 0.286692 0.287611 0.282485 0.278996 0.281781 0.300016 0.285183 0.281366 0.312749 0.30354 0.310862 0.312911 0.297656 0.300872 0.301788 0.29443 0.315994 0.300693 0.305586 0.296451 0.313215 0.305148 0.310787 0.294626 0.31449 0.306152 0.307048 0.318368 0.311205 0.303774 0.317664 0.292246 0.316766 0.29544 0.306182 0.30328 0.308169 0.300239 0.302266 0.295375 0.315697 0.317519 0.318175 0.306505 0.308763 0.304583 0.312051 0.318952 0.295618 0.306365 0.324164 0.318119 0.317369 0.310153 0.300808 0.295181 0.310038 0.296726 0.315498 0.298932 0.30455 0.294893 0.290379
"aa311" 0.311379 0.296964 0.293188 0.299362 0.286588 0.277155 0.309111 0.298408 0.297566 0.2936 0.298851 0.287492 0.28242 0.271475 0.293299 0.283908 0.278491 0.230624 0 0.22741 0.210883 0.296935 0.278989 0.27341 0.283821 0.291374 0.293913 0.297629 0.287129 0.295493 0.290974 0.288345 0.280557 0.287933 0.304256 0.286112 0.27543 0.305704 0.296445 0.295885 0.305612 0.299819 0.301222 0.311618 0.297726 0.31215 0.299316 0.301254 0.297115 0.311615 0.301822 0.306347 0.303933 0.313741 0.309674 0.303363 0.312025 0.32188 0.31305 0.304969 0.295642 0.317608 0.300177 0.301598 0.301854 0.302991 0.310801 0.296351 0.305644 0.313138 0.307667 0.31363 0.296732 0.298541 0.300904 0.302055 0.319514 0.294649 0.310234 0.311478 0.305248 0.315449 0.303963 0.304071 0.304746 0.315298 0.301143 0.312572 0.299426 0.307757 0.302752 0.303889
"aa314" 0.307726 0.305654 0.286915 0.289297 0.287139 0.285456 0.284 0.296456 0.286806 0.290303 0.285882 0.27757 0.286642 0.279542 0.278887 0.273047 0.272466 0.228936 0.22741 0 0.231702 0.292084 0.260842 0.280403 0.284595 0.278458 0.264004 0.280474 0.282693 0.287762 0.26907 0.27256 0.277696 0.281353 0.294636 0.288985 0.278395 0.299064 0.304985 0.299569 0.297533 0.288862 0.2986 0.293462 0.290581 0.312267 0.299469 0.297591 0.294529 0.295838 0.299018 0.298242 0.296016 0.300143 0.301558 0.297071 0.302564 0.303936 0.306373 0.310309 0.286446 0.325652 0.291743 0.298603 0.307651 0.306802 0.304085 0.290939 0.292252 0.300632 0.302722 0.304594 0.287368 0.298748 0.299898 0.311848 0.297903 0.297215 0.304957 0.306122 0.306943 0.310695 0.286149 0.294909 0.295925 0.32044 0.299777 0.308875 0.293578 0.310293 0.30451 0.285376
"aa316" 0.309374 0.304235 0.287493 0.276343 0.287397 0.282619 0.290428 0.288543 0.292416 0.28199 0.288084 0.283579 0.279909 0.271196 0.285871 0.277435 0.274838 0.222967 0.210883 0.231702 0 0.286452 0.267171 0.260147 0.291331 0.281113 0.286281 0.283363 0.273653 0.285469 0.272015 0.287516 0.272623 0.286704 0.299665 0.285635 0.287024 0.300221 0.298406 0.299813 0.299074 0.295256 0.292892 0.304423 0.292978 0.316567 0.299352 0.29503 0.311888 0.316214 0.305869 0.30896 0.289143 0.305806 0.298207 0.293517 0.313806 0.315902 0.310163 0.313842 0.30174 0.312606 0.310035 0.304631 0.302979 0.316388 0.309574 0.30629 0.293769 0.311753 0.311213 0.311826 0.296099 0.309098 0.306573 0.306243 0.315886 0.300461 0.316837 0.309423 0.305431 0.309353 0.310066 0.304575 0.298471 0.310392 0.300073 0.305348 0.298168 0.305974 0.297277 0.291109
"aa341" 0.29896 0.313988 0.303167 0.286137 0.286423 0.291011 0.304477 0.281875 0.293915 0.296603 0.294007 0.291978 0.275789 0.279906 0.288138 0.291188 0.291465 0.296875 0.296935 0.292084 0.286452 0 0.268413 0.26565 0.285766 0.269542 0.266521 0.278293 0.276955 0.283161 0.269916 0.274188 0.276713 0.297199 0.289601 0.286799 0.284757 0.304125 0.309633 0.298531 0.296875 0.293787 0.297349 0.307067 0.287839 0.311258 0.291163 0.295686 0.292634 0.306562 0.293742 0.306214 0.305484 0.300051 0.292508 0.299454 0.312302 0.296906 0.29767 0.30279 0.286499 0.311115 0.289411 0.297007 0.292435 0.301693 0.287929 0.293864 0.290935 0.302686 0.305079 0.303787 0.296872 0.298365 0.302019 0.306662 0.302613 0.295688 0.299749 0.312843 0.307091 0.304683 0.305693 0.309185 0.297439 0.300935 0.293233 0.296646 0.294374 0.306112 0.2971 0.296875
"aa343" 0.304376 0.305962 0.317812 0.294099 0.29295 0.299873 0.294161 0.291919 0.293244 0.297942 0.290292 0.29538 0.285393 0.283856 0.289791 0.298755 0.278174 0.258458 0.278989 0.260842 0.267171 0.268413 0 0.270305 0.293527 0.274293 0.283765 0.28797 0.289144 0.296177 0.275025 0.28621 0.285461 0.296604 0.308385 0.294558 0.283152 0.302347 0.307198 0.298643 0.305941 0.299351 0.299487 0.309396 0.303281 0.309939 0.307166 0.305007 0.295764 0.307834 0.309717 0.306704 0.306883 0.305761 0.312403 0.30448 0.314835 0.316577 0.297186 0.318429 0.299675 0.309355 0.307313 0.309991 0.303853 0.31 0.287866 0.296681 0.300764 0.30948 0.315318 0.313437 0.308473 0.300735 0.305252 0.324591 0.313178 0.309399 0.295323 0.319339 0.309005 0.315254 0.314123 0.30617 0.296395 0.302837 0.30304 0.320656 0.297846 0.31136 0.30756 0.300758
"aa344" 0.316977 0.308047 0.302707 0.293125 0.287444 0.286013 0.301512 0.290437 0.29166 0.287554 0.299792 0.292767 0.270275 0.289018 0.29045 0.285333 0.290118 0.283112 0.27341 0.280403 0.260147 0.26565 0.270305 0 0.305099 0.288282 0.289813 0.297904 0.288363 0.289706 0.288331 0.280591 0.279808 0.289975 0.305276 0.277174 0.289297 0.29458 0.302656 0.309372 0.304866 0.305323 0.307417 0.307979 0.300264 0.322606 0.303303 0.312864 0.296358 0.317256 0.301875 0.320105 0.310775 0.307102 0.309175 0.314136 0.312738 0.314346 0.302629 0.32538 0.30205 0.299559 0.301153 0.307001 0.296763 0.309038 0.306429 0.300402 0.294837 0.315383 0.31044 0.308522 0.305028 0.3125 0.31465 0.316623 0.321043 0.310313 0.304592 0.323172 0.308342 0.320424 0.308234 0.311066 0.307221 0.30514 0.305419 0.32044 0.303263 0.30571 0.299548 0.291753
"aa345" 0.304665 0.308529 0.305795 0.293994 0.280006 0.307243 0.28244 0.278089 0.279105 0.303157 0.259722 0.27533 0.295854 0.28255 0.271096 0.288521 0.29584 0.290825 0.283821 0.284595 0.291331 0.285766 0.293527 0.305099 0 0.301139 0.297278 0.289742 0.301691 0.308853 0.295065 0.296893 0.287824 0.29533 0.294456 0.287208 0.29 0.313028 0.310105 0.310686 0.279625 0.281867 0.295578 0.300034 0.292214 0.31474 0.315029 0.314891 0.297775 0.309995 0.308026 0.296048 0.304237 0.313016 0.303132 0.305474 0.311936 0.322148 0.29242 0.321869 0.313538 0.327033 0.311796 0.307988 0.30277 0.319544 0.301252 0.306459 0.300313 0.311439 0.310097 0.31019 0.307143 0.291167 0.306813 0.31584 0.313419 0.303155 0.311945 0.315563 0.316927 0.310164 0.310809 0.317404 0.311779 0.312713 0.30651 0.313445 0.301412 0.308236 0.29443 0.297438
"aa347" 0.318376 0.312902 0.300268 0.297129 0.298167 0.301694 0.276855 0.291245 0.300699 0.301393 0.291804 0.289661 0.29448 0.307354 0.276205 0.302905 0.295386 0.287253 0.291374 0.278458 0.281113 0.269542 0.274293 0.288282 0.301139 0 0.273317 0.288956 0.296512 0.296077 0.292678 0.286446 0.285462 0.298314 0.298774 0.299957 0.297315 0.3125 0.314389 0.299678 0.310011 0.286294 0.308328 0.307851 0.298836 0.318271 0.297904 0.33975 0.294245 0.303442 0.30015 0.300471 0.297599 0.302008 0.31014 0.298468 0.315136 0.318847 0.310092 0.322636 0.302231 0.322362 0.305632 0.288092 0.32221 0.315354 0.314192 0.305198 0.304043 0.314874 0.309458 0.315879 0.302805 0.302659 0.306973 0.320307 0.315576 0.306105 0.309846 0.327634 0.31157 0.312873 0.304754 0.305295 0.299849 0.327145 0.301719 0.31744 0.303949 0.320397 0.306987 0.277942
"aa371" 0.316683 0.313877 0.306217 0.286059 0.295549 0.296437 0.289182 0.291022 0.300615 0.281436 0.298489 0.293645 0.296305 0.277895 0.282246 0.287021 0.290716 0.283152 0.293913 0.264004 0.286281 0.266521 0.283765 0.289813 0.297278 0.273317 0 0.27444 0.251767 0.260485 0.246969 0.261993 0.278281 0.290553 0.294728 0.290344 0.27469 0.306078 0.302407 0.292967 0.308998 0.283618 0.315942 0.308337 0.30077 0.307967 0.286842 0.297867 0.288619 0.306434 0.298087 0.301054 0.293691 0.29628 0.292055 0.295629 0.300809 0.297619 0.315806 0.30737 0.290877 0.311828 0.292157 0.297279 0.309346 0.298345 0.300744 0.306634 0.302735 0.299055 0.299039 0.305755 0.291521 0.294322 0.29871 0.308995 0.31045 0.299037 0.308628 0.314888 0.298783 0.311364 0.308515 0.299598 0.295299 0.316471 0.295618 0.306887 0.289272 0.306753 0.297376 0.283657
"aa375" 0.310476 0.318601 0.308579 0.298164 0.291416 0.309171 0.2968 0.288947 0.298152 0.301332 0.298676 0.293417 0.272404 0.287746 0.296254 0.304754 0.289957 0.284714 0.297629 0.280474 0.283363 0.278293 0.28797 0.297904 0.289742 0.288956 0.27444 0 0.26574 0.275967 0.277488 0.209621 0.239325 0.289853 0.306306 0.291302 0.274378 0.31395 0.310909 0.314942 0.298261 0.286047 0.300115 0.314256 0.301036 0.314713 0.296108 0.297952 0.288811 0.313169 0.305218 0.311307 0.309504 0.316561 0.308614 0.307317 0.316784 0.317931 0.318117 0.319908 0.294434 0.321937 0.297495 0.302716 0.316111 0.320007 0.319208 0.308903 0.304063 0.310401 0.314598 0.315333 0.304892 0.312197 0.314402 0.33366 0.310147 0.304666 0.315664 0.315609 0.314281 0.310817 0.306056 0.306577 0.298972 0.313217 0.299172 0.306004 0.301695 0.316137 0.30305 0.300734
"aa376" 0.313989 0.305564 0.308082 0.293531 0.295401 0.292548 0.296756 0.292964 0.301002 0.299127 0.309974 0.295696 0.284579 0.279918 0.291249 0.287437 0.280696 0.290286 0.287129 0.282693 0.273653 0.276955 0.289144 0.288363 0.301691 0.296512 0.251767 0.26574 0 0.24606 0.251923 0.264943 0.263714 0.305913 0.307266 0.289 0.288219 0.29818 0.308797 0.293492 0.302983 0.2956 0.311108 0.300553 0.294038 0.309213 0.294038 0.292113 0.296785 0.309517 0.314251 0.305493 0.309964 0.313411 0.303026 0.29564 0.309498 0.310804 0.306209 0.320324 0.292344 0.312058 0.299836 0.294197 0.297517 0.301439 0.300327 0.303794 0.304482 0.306251 0.301687 0.307359 0.297658 0.302168 0.295488 0.316048 0.315538 0.303264 0.304252 0.30681 0.3121 0.308265 0.298874 0.305694 0.301428 0.311293 0.291494 0.307587 0.31268 0.315333 0.297563 0.299945
"aa377" 0.309795 0.316618 0.319513 0.291779 0.30676 0.308613 0.29427 0.29709 0.293446 0.303383 0.310053 0.291238 0.28453 0.290767 0.302146 0.302155 0.302555 0.286692 0.295493 0.287762 0.285469 0.283161 0.296177 0.289706 0.308853 0.296077 0.260485 0.275967 0.24606 0 0.256277 0.276055 0.274532 0.308385 0.30974 0.286412 0.283097 0.319176 0.309988 0.309697 0.312704 0.308086 0.317513 0.308043 0.303532 0.307607 0.306167 0.307098 0.301139 0.315593 0.316754 0.315064 0.306887 0.314143 0.31494 0.303284 0.325604 0.311967 0.320703 0.32471 0.301327 0.32611 0.308446 0.302716 0.305508 0.321018 0.301494 0.308055 0.307717 0.320805 0.31689 0.326489 0.305132 0.310451 0.307776 0.338267 0.320719 0.308794 0.315018 0.313934 0.322031 0.311409 0.313217 0.309782 0.31395 0.311349 0.299891 0.318326 0.310142 0.311111 0.310198 0.3022
"aa378" 0.314448 0.313688 0.297008 0.288168 0.293285 0.296527 0.297759 0.294401 0.294439 0.302505 0.292098 0.29471 0.296725 0.282579 0.295017 0.291762 0.279085 0.287611 0.290974 0.26907 0.272015 0.269916 0.275025 0.288331 0.295065 0.292678 0.246969 0.277488 0.251923 0.256277 0 0.275246 0.283619 0.284676 0.302068 0.283659 0.281166 0.301516 0.308462 0.29706 0.30531 0.298404 0.305497 0.306747 0.297232 0.315986 0.283797 0.29467 0.278401 0.306593 0.295447 0.298352 0.29976 0.307901 0.296639 0.296412 0.3093 0.307731 0.303204 0.316517 0.296977 0.310226 0.295285 0.308335 0.295963 0.307033 0.304411 0.302359 0.299983 0.315394 0.307252 0.305993 0.298014 0.299605 0.305525 0.317812 0.307999 0.302022 0.305902 0.305493 0.300855 0.299268 0.303906 0.297442 0.298178 0.32322 0.290875 0.305217 0.286538 0.309635 0.307043 0.287752
"aa396" 0.309547 0.311881 0.315287 0.298652 0.288869 0.2934 0.292237 0.287349 0.297838 0.29009 0.305078 0.290208 0.285872 0.291094 0.291348 0.301194 0.289228 0.282485 0.288345 0.27256 0.287516 0.274188 0.28621 0.280591 0.296893 0.286446 0.261993 0.209621 0.264943 0.276055 0.275246 0 0.245459 0.292852 0.304798 0.27858 0.272786 0.302064 0.315869 0.306176 0.297284 0.27676 0.296364 0.302524 0.290159 0.302927 0.298842 0.306716 0.284085 0.309143 0.302873 0.306079 0.296723 0.304315 0.304758 0.303406 0.306634 0.308115 0.309616 0.311785 0.283564 0.319314 0.295513 0.295503 0.305071 0.308552 0.307191 0.297009 0.304857 0.308102 0.305968 0.304519 0.295698 0.29538 0.301343 0.319284 0.307073 0.287572 0.303775 0.314801 0.308493 0.302452 0.306442 0.29649 0.293268 0.314544 0.298717 0.307311 0.300184 0.313617 0.304865 0.296659
"aa397" 0.306133 0.314507 0.307242 0.29335 0.291184 0.290779 0.284927 0.290759 0.291701 0.288075 0.291521 0.288746 0.2806 0.286351 0.277582 0.294602 0.283084 0.278996 0.280557 0.277696 0.272623 0.276713 0.285461 0.279808 0.287824 0.285462 0.278281 0.239325 0.263714 0.274532 0.283619 0.245459 0 0.288495 0.296279 0.282684 0.263422 0.301039 0.309792 0.303108 0.293748 0.289019 0.305825 0.305065 0.287938 0.310274 0.294035 0.296744 0.283794 0.31223 0.294384 0.305043 0.30099 0.307514 0.308492 0.297784 0.306567 0.300361 0.308583 0.308927 0.285515 0.319951 0.29589 0.293688 0.298422 0.301433 0.305145 0.301866 0.305717 0.309431 0.314826 0.306497 0.288224 0.291099 0.295738 0.310874 0.294957 0.288292 0.304626 0.309977 0.314475 0.30252 0.299508 0.293988 0.289869 0.314353 0.284287 0.295991 0.301355 0.307742 0.293562 0.296186
"aa411" 0.309047 0.300454 0.307389 0.2925 0.293005 0.292012 0.305103 0.28325 0.311346 0.304077 0.307822 0.296143 0.294507 0.277662 0.287161 0.297389 0.29216 0.281781 0.287933 0.281353 0.286704 0.297199 0.296604 0.289975 0.29533 0.298314 0.290553 0.289853 0.305913 0.308385 0.284676 0.292852 0.288495 0 0.279021 0.286237 0.276432 0.307147 0.293579 0.295991 0.28824 0.286308 0.283305 0.29877 0.275925 0.297277 0.304024 0.29891 0.293135 0.298666 0.294529 0.297956 0.296531 0.304511 0.303769 0.315299 0.303776 0.301087 0.294131 0.300288 0.293825 0.304702 0.287799 0.301787 0.29233 0.295264 0.308131 0.29084 0.29666 0.301227 0.304623 0.305425 0.302531 0.296838 0.304693 0.30298 0.295736 0.292599 0.307863 0.302515 0.302795 0.293313 0.288729 0.292959 0.293188 0.305772 0.293096 0.296781 0.284357 0.305547 0.29427 0.297432
"aa413" 0.316838 0.304649 0.302862 0.303026 0.30471 0.306332 0.305926 0.29997 0.309103 0.299774 0.305375 0.299787 0.302134 0.303659 0.29851 0.310561 0.292074 0.300016 0.304256 0.294636 0.299665 0.289601 0.308385 0.305276 0.294456 0.298774 0.294728 0.306306 0.307266 0.30974 0.302068 0.304798 0.296279 0.279021 0 0.299349 0.29694 0.312621 0.313206 0.299428 0.289973 0.282655 0.299503 0.29764 0.268054 0.307551 0.302077 0.31341 0.285431 0.297241 0.299759 0.289052 0.301999 0.307692 0.303644 0.298521 0.310859 0.307644 0.308589 0.300465 0.300956 0.31867 0.302412 0.287196 0.313123 0.307841 0.306049 0.298054 0.30312 0.307253 0.307704 0.308429 0.299124 0.29331 0.299199 0.305307 0.292876 0.29612 0.312018 0.314175 0.308261 0.311095 0.308697 0.31097 0.295102 0.313428 0.295225 0.312099 0.294466 0.320025 0.308906 0.303286
"aa417" 0.315333 0.314036 0.312345 0.307351 0.292335 0.294626 0.302392 0.286492 0.286194 0.297704 0.295535 0.281761 0.290287 0.282902 0.282887 0.28992 0.297392 0.285183 0.286112 0.288985 0.285635 0.286799 0.294558 0.277174 0.287208 0.299957 0.290344 0.291302 0.289 0.286412 0.283659 0.27858 0.282684 0.286237 0.299349 0 0.24623 0.298404 0.303815 0.293622 0.291858 0.284436 0.288686 0.300286 0.283065 0.30063 0.304789 0.303404 0.296903 0.296185 0.305809 0.305937 0.300965 0.303622 0.298792 0.299222 0.31632 0.308036 0.284817 0.311525 0.288886 0.307358 0.294436 0.297552 0.288465 0.302971 0.303365 0.296173 0.298507 0.308053 0.302021 0.313198 0.302026 0.290828 0.295062 0.316978 0.305274 0.297492 0.300395 0.309986 0.300414 0.304165 0.297172 0.301766 0.289773 0.313539 0.294276 0.310292 0.301135 0.301854 0.304188 0.280481
"aa419" 0.299534 0.309298 0.299249 0.301884 0.279202 0.299489 0.283705 0.280777 0.292708 0.301274 0.292567 0.268575 0.291288 0.281091 0.279066 0.277265 0.286194 0.281366 0.27543 0.278395 0.287024 0.284757 0.283152 0.289297 0.29 0.297315 0.27469 0.274378 0.288219 0.283097 0.281166 0.272786 0.263422 0.276432 0.29694 0.24623 0 0.30381 0.304678 0.29862 0.279475 0.293793 0.29009 0.306167 0.291805 0.301893 0.301818 0.306695 0.286725 0.28871 0.295048 0.302403 0.299 0.2923 0.286528 0.293715 0.313754 0.306908 0.291903 0.305849 0.286577 0.302078 0.285895 0.300923 0.285303 0.312332 0.288068 0.283368 0.296984 0.30214 0.298522 0.296532 0.298515 0.290783 0.287678 0.311548 0.30432 0.293161 0.292212 0.298179 0.307933 0.309814 0.299795 0.300644 0.298041 0.30484 0.293487 0.306365 0.298209 0.3034 0.29641 0.283784
"aa427" 0.31306 0.272669 0.290249 0.283973 0.279905 0.290887 0.303474 0.297519 0.323295 0.274254 0.308905 0.302477 0.297674 0.295739 0.304507 0.300015 0.291473 0.312749 0.305704 0.299064 0.300221 0.304125 0.302347 0.29458 0.313028 0.3125 0.306078 0.31395 0.29818 0.319176 0.301516 0.302064 0.301039 0.307147 0.312621 0.298404 0.30381 0 0.252809 0.260184 0.312431 0.300532 0.31571 0.316696 0.292386 0.2871 0.306679 0.312944 0.295777 0.31164 0.3082 0.303984 0.307612 0.314057 0.308587 0.306392 0.315251 0.317563 0.30141 0.293379 0.299493 0.298962 0.307989 0.298637 0.302581 0.285482 0.314837 0.30551 0.316979 0.316238 0.316924 0.316197 0.297916 0.303044 0.311325 0.261753 0.280446 0.312685 0.301241 0.301918 0.303198 0.302595 0.293266 0.304171 0.291616 0.314208 0.30003 0.311077 0.307239 0.31162 0.306647 0.297228
"aa428" 0.312906 0.27921 0.289239 0.291648 0.296569 0.288961 0.307327 0.307406 0.319105 0.283072 0.309991 0.300511 0.297748 0.295797 0.30457 0.306935 0.309378 0.30354 0.296445 0.304985 0.298406 0.309633 0.307198 0.302656 0.310105 0.314389 0.302407 0.310909 0.308797 0.309988 0.308462 0.315869 0.309792 0.293579 0.313206 0.303815 0.304678 0.252809 0 0.251643 0.314259 0.307343 0.30597 0.317463 0.293503 0.291969 0.314175 0.314286 0.302797 0.307286 0.311287 0.306631 0.304734 0.316224 0.310887 0.309386 0.317898 0.315707 0.298382 0.303332 0.298786 0.314124 0.307034 0.301552 0.308111 0.279706 0.307994 0.305965 0.310757 0.316008 0.310753 0.313241 0.29925 0.299781 0.310761 0.267454 0.288276 0.320513 0.317581 0.305658 0.293993 0.306511 0.303645 0.303977 0.302157 0.314936 0.296062 0.315025 0.306442 0.318761 0.30234 0.302914
"aa446" 0.314571 0.27505 0.290227 0.289328 0.294766 0.29439 0.295179 0.304408 0.313735 0.273701 0.312594 0.297226 0.301326 0.295384 0.30384 0.315765 0.308527 0.310862 0.295885 0.299569 0.299813 0.298531 0.298643 0.309372 0.310686 0.299678 0.292967 0.314942 0.293492 0.309697 0.29706 0.306176 0.303108 0.295991 0.299428 0.293622 0.29862 0.260184 0.251643 0 0.306271 0.296463 0.306963 0.307229 0.289224 0.285244 0.304093 0.31182 0.290659 0.3031 0.302401 0.296039 0.293919 0.315717 0.312702 0.309244 0.324746 0.32017 0.298037 0.279382 0.300277 0.317537 0.301895 0.288882 0.299608 0.261215 0.317344 0.307395 0.297531 0.305808 0.305704 0.302617 0.287615 0.287517 0.30026 0.268558 0.271402 0.308046 0.321161 0.303407 0.28311 0.294921 0.300932 0.29431 0.282609 0.306886 0.28953 0.293869 0.294836 0.30999 0.300766 0.298226
"aa457" 0.312179 0.319421 0.314512 0.303934 0.295685 0.303564 0.306316 0.291314 0.295398 0.309037 0.31078 0.283288 0.297443 0.29538 0.294953 0.306103 0.302304 0.312911 0.305612 0.297533 0.299074 0.296875 0.305941 0.304866 0.279625 0.310011 0.308998 0.298261 0.302983 0.312704 0.30531 0.297284 0.293748 0.28824 0.289973 0.291858 0.279475 0.312431 0.314259 0.306271 0 0.225734 0.224189 0.251236 0.292487 0.310768 0.307559 0.299439 0.29674 0.294511 0.309186 0.3089 0.290883 0.292988 0.277787 0.296804 0.300885 0.318399 0.307623 0.311979 0.302428 0.308136 0.306384 0.303454 0.30897 0.31064 0.318397 0.298557 0.301518 0.286858 0.293529 0.291451 0.306027 0.30904 0.314517 0.321055 0.31094 0.298018 0.325293 0.291719 0.296977 0.290776 0.295762 0.309418 0.305401 0.316483 0.303224 0.30976 0.297723 0.310935 0.312115 0.298936
"aa458" 0.314088 0.310442 0.304756 0.297028 0.296319 0.303188 0.292428 0.280404 0.298108 0.295112 0.293351 0.277924 0.288519 0.293325 0.288592 0.301637 0.288344 0.297656 0.299819 0.288862 0.295256 0.293787 0.299351 0.305323 0.281867 0.286294 0.283618 0.286047 0.2956 0.308086 0.298404 0.27676 0.289019 0.286308 0.282655 0.284436 0.293793 0.300532 0.307343 0.296463 0.225734 0 0.236963 0.256621 0.288023 0.299193 0.301039 0.306227 0.28356 0.285671 0.298143 0.290313 0.293177 0.286624 0.272131 0.296489 0.285626 0.312348 0.289593 0.314888 0.296404 0.310914 0.297927 0.293225 0.305892 0.310893 0.311426 0.290653 0.30073 0.280678 0.278418 0.277584 0.298562 0.299518 0.290865 0.314303 0.296375 0.292165 0.303744 0.29763 0.294477 0.291281 0.290835 0.305148 0.299538 0.310931 0.301784 0.307776 0.288279 0.30575 0.307085 0.28447
"aa459" 0.318087 0.310356 0.319328 0.304427 0.304166 0.301443 0.308214 0.296235 0.308612 0.304861 0.314818 0.294091 0.300517 0.30155 0.302105 0.314334 0.30911 0.300872 0.301222 0.2986 0.292892 0.297349 0.299487 0.307417 0.295578 0.308328 0.315942 0.300115 0.311108 0.317513 0.305497 0.296364 0.305825 0.283305 0.299503 0.288686 0.29009 0.31571 0.30597 0.306963 0.224189 0.236963 0 0.244782 0.295869 0.309728 0.313408 0.313081 0.296755 0.28629 0.313163 0.300135 0.297103 0.286077 0.281951 0.311142 0.303119 0.315639 0.30388 0.314862 0.307149 0.314004 0.304712 0.305182 0.299775 0.318996 0.314408 0.292815 0.294565 0.2881 0.282566 0.291278 0.307681 0.307635 0.30148 0.318617 0.316629 0.306922 0.314961 0.288776 0.30651 0.292059 0.301415 0.313505 0.30734 0.313366 0.308117 0.311312 0.308668 0.307585 0.309625 0.302386
"aa495" 0.313768 0.306011 0.319149 0.300367 0.302859 0.296625 0.31037 0.298602 0.299289 0.314372 0.303481 0.288103 0.30975 0.297399 0.303906 0.308052 0.298493 0.301788 0.311618 0.293462 0.304423 0.307067 0.309396 0.307979 0.300034 0.307851 0.308337 0.314256 0.300553 0.308043 0.306747 0.302524 0.305065 0.29877 0.29764 0.300286 0.306167 0.316696 0.317463 0.307229 0.251236 0.256621 0.244782 0 0.300831 0.314886 0.320057 0.312267 0.312392 0.305311 0.316478 0.306365 0.307656 0.294618 0.28859 0.309703 0.300647 0.330785 0.291991 0.319169 0.312767 0.31167 0.305634 0.311238 0.304915 0.319025 0.308275 0.29043 0.299597 0.289507 0.295128 0.293487 0.314573 0.311532 0.318038 0.324538 0.315198 0.299795 0.310024 0.302997 0.304754 0.28239 0.293674 0.316852 0.313 0.31984 0.305927 0.318401 0.31302 0.305115 0.310923 0.30621
"aa506" 0.31654 0.29558 0.296975 0.295998 0.288726 0.302278 0.308545 0.299548 0.308927 0.288069 0.307909 0.292969 0.298966 0.294024 0.297566 0.301936 0.297469 0.29443 0.297726 0.290581 0.292978 0.287839 0.303281 0.300264 0.292214 0.298836 0.30077 0.301036 0.294038 0.303532 0.297232 0.290159 0.287938 0.275925 0.268054 0.283065 0.291805 0.292386 0.293503 0.289224 0.292487 0.288023 0.295869 0.300831 0 0.29327 0.291459 0.299184 0.283172 0.298701 0.286666 0.295923 0.291654 0.295414 0.298481 0.292872 0.297619 0.307153 0.304426 0.297448 0.295728 0.312251 0.293271 0.28852 0.294596 0.298253 0.310638 0.286771 0.305912 0.292768 0.298135 0.302017 0.287571 0.288899 0.29158 0.286934 0.295773 0.293642 0.310082 0.312115 0.294156 0.302158 0.292468 0.303944 0.289804 0.312165 0.28083 0.308153 0.289598 0.310663 0.302152 0.295392
"aa51" 0.296122 0.291042 0.303696 0.307633 0.297118 0.30029 0.307761 0.307927 0.308819 0.294333 0.317579 0.31506 0.310847 0.305792 0.311404 0.313701 0.305976 0.315994 0.31215 0.312267 0.316567 0.311258 0.309939 0.322606 0.31474 0.318271 0.307967 0.314713 0.309213 0.307607 0.315986 0.302927 0.310274 0.297277 0.307551 0.30063 0.301893 0.2871 0.291969 0.285244 0.310768 0.299193 0.309728 0.314886 0.29327 0 0.314705 0.315845 0.309341 0.305627 0.31089 0.313585 0.313544 0.311498 0.310534 0.31202 0.318884 0.309929 0.289462 0.31449 0.309292 0.282015 0.314191 0.306319 0.282805 0.290498 0.296638 0.304361 0.295982 0.30652 0.311883 0.31635 0.302838 0.301323 0.302055 0.29726 0.284348 0.303723 0.291091 0.31268 0.295606 0.299365 0.312839 0.300966 0.304066 0.286713 0.307437 0.308586 0.305085 0.288186 0.282836 0.280015
"aa521_1" 0.331933 0.318256 0.303773 0.311942 0.316033 0.318387 0.320581 0.308456 0.314753 0.30511 0.318614 0.302998 0.301186 0.297086 0.309876 0.299939 0.302838 0.300693 0.299316 0.299469 0.299352 0.291163 0.307166 0.303303 0.315029 0.297904 0.286842 0.296108 0.294038 0.306167 0.283797 0.298842 0.294035 0.304024 0.302077 0.304789 0.301818 0.306679 0.314175 0.304093 0.307559 0.301039 0.313408 0.320057 0.291459 0.314705 0 0.270602 0.2861 0.306329 0.296632 0.299068 0.294947 0.317197 0.311909 0.30824 0.319397 0.297504 0.316779 0.312312 0.288732 0.322228 0.293846 0.294295 0.307661 0.308495 0.312468 0.310941 0.314691 0.317573 0.323604 0.321653 0.295959 0.297778 0.291586 0.306898 0.304244 0.289697 0.323162 0.317774 0.314478 0.302062 0.319744 0.30258 0.292783 0.311478 0.292212 0.30239 0.304051 0.321907 0.313773 0.315008
